// letter          kebb           sym  shift  alt  altgr  dead(kebb nb)  is dead
        a,           10,           97,     0,   0,     0,             0,       0,
        b,           11,           98,     0,   0,     0,             0,       0,
        c,           12,           99,     0,   0,     0,             0,       0,
        d,           13,          100,     0,   0,     0,             0,       0,
        e,           14,          101,     0,   0,     0,             0,       0,
        f,           15,          102,     0,   0,     0,             0,       0,
        g,           16,          103,     0,   0,     0,             0,       0,
        h,           17,          104,     0,   0,     0,             0,       0,
        i,           18,          105,     0,   0,     0,             0,       0,
        j,           19,          106,     0,   0,     0,             0,       0,
        k,           20,          107,     0,   0,     0,             0,       0,
        l,           21,          108,     0,   0,     0,             0,       0,
        m,           22,          109,     0,   0,     0,             0,       0,
        n,           23,          110,     0,   0,     0,             0,       0,
        o,           24,          111,     0,   0,     0,             0,       0,
        p,           25,          112,     0,   0,     0,             0,       0,
        q,           26,          113,     0,   0,     0,             0,       0,
        r,           27,          114,     0,   0,     0,             0,       0,
        s,           28,          115,     0,   0,     0,             0,       0,
        t,           29,          116,     0,   0,     0,             0,       0,
        u,           30,          117,     0,   0,     0,             0,       0,
        v,           31,          118,     0,   0,     0,             0,       0,
        w,           32,          119,     0,   0,     0,             0,       0,
        x,           33,          120,     0,   0,     0,             0,       0,
        y,           34,          121,     0,   0,     0,             0,       0,
        z,           35,          122,     0,   0,     0,             0,       0,

// letter          kebb           sym  shift  alt  altgr  dead(kebb nb)  is dead
        A,          100,           97,     1,   0,     0,             0,       0,
        B,          101,           98,     1,   0,     0,             0,       0,
        C,          102,           99,     1,   0,     0,             0,       0,
        D,          103,          100,     1,   0,     0,             0,       0,
        E,          104,          101,     1,   0,     0,             0,       0,
        F,          105,          102,     1,   0,     0,             0,       0,
        G,          106,          103,     1,   0,     0,             0,       0,
        H,          107,          104,     1,   0,     0,             0,       0,
        I,          108,          105,     1,   0,     0,             0,       0,
        J,          109,          106,     1,   0,     0,             0,       0,
        K,          110,          107,     1,   0,     0,             0,       0,
        L,          111,          108,     1,   0,     0,             0,       0,
        M,          112,          109,     1,   0,     0,             0,       0,
        N,          113,          110,     1,   0,     0,             0,       0,
        O,          114,          111,     1,   0,     0,             0,       0,
        P,          115,          112,     1,   0,     0,             0,       0,
        Q,          116,          113,     1,   0,     0,             0,       0,
        R,          117,          114,     1,   0,     0,             0,       0,
        S,          118,          115,     1,   0,     0,             0,       0,
        T,          119,          116,     1,   0,     0,             0,       0,
        U,          120,          117,     1,   0,     0,             0,       0,
        V,          121,          118,     1,   0,     0,             0,       0,
        W,          122,          119,     1,   0,     0,             0,       0,
        X,          123,          120,     1,   0,     0,             0,       0,
        Y,          124,          121,     1,   0,     0,             0,       0,
        Z,          125,          122,     1,   0,     0,             0,       0,

// letter          kebb           sym  shift  alt  altgr  dead(kebb nb)  is dead
        0,          500,           48,     0,   0,     0,             0,       0,
        1,          501,           49,     0,   0,     0,             0,       0,
        2,          502,           50,     0,   0,     0,             0,       0,
        3,          503,           51,     0,   0,     0,             0,       0,
        4,          504,           52,     0,   0,     0,             0,       0,
        5,          505,           53,     0,   0,     0,             0,       0,
        6,          506,           54,     0,   0,     0,             0,       0,
        7,          507,           55,     0,   0,     0,             0,       0,
        8,          508,           56,     0,   0,     0,             0,       0,
        9,          509,           57,     0,   0,     0,             0,       0,

// letter          kebb           sym  shift  alt  altgr  dead(kebb nb)  is dead
        !,         1000,           49,     1,   0,     0,             0,       0,
        ',         1001,           39,     0,   0,     0,             0,       0,
        #,         1002,           51,     1,   0,     0,             0,       0,
        %,         1003,           53,     1,   0,     0,             0,       0,
        $,         1004,           52,     1,   0,     0,             0,       0,
        &,         1005,           55,     1,   0,     0,             0,       0,
        ",         1006,           39,     1,   0,     0,             0,       0,
        (,         1007,           57,     1,   0,     0,             0,       0,
        ),         1008,           48,     1,   0,     0,             0,       0,
        `,         1009,           96,     0,   0,     0,             0,       0,
        *,         1010,           56,     1,   0,     0,             0,       0,
        +,         1011,           61,     1,   0,     0,             0,       0,
    comma,         1012,           44,     0,   0,     0,             0,       0,
        -,         1013,           45,     0,   0,     0,             0,       0,
        .,         1014,           46,     0,   0,     0,             0,       0,
        /,         1015,           47,     0,   0,     0,             0,       0,
        :,         1016,           59,     1,   0,     0,             0,       0,
        ;,         1017,           59,     0,   0,     0,             0,       0,
        <,         1018,           44,     1,   0,     0,             0,       0,
        =,         1019,           61,     0,   0,     0,             0,       0,
        >,         1020,           46,     1,   0,     0,             0,       0,
        ?,         1021,           47,     1,   0,     0,             0,       0,
        @,         1022,           50,     1,   0,     0,             0,       0,
        [,         1023,           91,     0,   0,     0,             0,       0,
        \,         1024,           92,     0,   0,     0,             0,       0,
        ],         1025,           93,     0,   0,     0,             0,       0,
        ^,         1026,           54,     1,   0,     0,             0,       0,
        _,         1027,           45,     1,   0,     0,             0,       0,
        ~,         1028,           96,     1,   0,     0,             0,       0,
        {,         1029,           91,     1,   0,     0,             0,       0,
        },         1030,           93,     1,   0,     0,             0,       0,
        |,         1031,           92,     1,   0,     0,             0,       0,

// letter          kebb           sym  shift  alt  altgr  dead(kebb nb)  is dead
  ^(dead),         5000,           54,     0,   0,     1,             0,    5000,

        â,         2004,           97,     0,   0,     0,          5000,       0,
        ê,         2005,          101,     0,   0,     0,          5000,       0,
        î,         2006,          105,     0,   0,     0,          5000,       0,
        ô,         2007,          111,     0,   0,     0,          5000,       0,
        û,         2008,          117,     0,   0,     0,          5000,       0,

        Â,         2104,           97,     1,   0,     0,          5000,       0,
        Ê,         2105,          101,     1,   0,     0,          5000,       0,
        Î,         2106,          105,     1,   0,     0,          5000,       0,
        Ô,         2107,          111,     1,   0,     0,          5000,       0,
        Û,         2108,          117,     1,   0,     0,          5000,       0,

// letter          kebb           sym  shift  alt  altgr  dead(kebb nb)  is dead
  `(dead),         5001,           96,     0,   0,     1,             0,    5001,

        à,         2001,           97,     0,   0,     0,          5001,       0,
        è,         2002,          101,     0,   0,     0,          5001,       0,
        ù,         2003,          117,     0,   0,     0,          5001,       0,

        À,         2101,           97,     1,   0,     0,          5001,       0,
        È,         2102,          101,     1,   0,     0,          5001,       0,
        Ù,         2103,          117,     1,   0,     0,          5001,       0,


// letter          kebb           sym  shift  alt  altgr  dead(kebb nb)  is dead
  ¨(dead),         5002,           39,     1,   0,     1,             0,    5002,

        ë,         2010,          101,     0,   0,     0,          5002,       0,
        ï,         2009,          105,     0,   0,     0,          5002,       0,
        ü,         2011,          117,     0,   0,     0,          5002,       0,

        Ë,         2110,          101,     1,   0,     0,          5002,       0,
        Ï,         2109,          105,     1,   0,     0,          5002,       0,
        Ü,         2111,          117,     1,   0,     0,          5002,       0,

// letter          kebb           sym  shift  alt  altgr  dead(kebb nb)  is dead
        é,         2000,          101,     0,   0,     1,             0,       0,
        æ,         2014,          122,     0,   0,     1,             0,       0,
        œ,         2015,          120,     0,   0,     1,             0,       0,
        œ,         2015,          107,     0,   0,     1,             0,       0,
        ç,         2012,           44,     0,   0,     1,             0,       0,
        €,         2013,           53,     0,   0,     1,             0,       0,

        É,         2100,          101,     1,   0,     1,             0,       0,
        Æ,         2113,          122,     1,   0,     1,             0,       0,
        Œ,         2114,          120,     1,   0,     1,             0,       0,
        Œ,         2114,          107,     1,   0,     1,             0,       0,
        Ç,         2112,           44,     1,   0,     1,             0,       0,
